INFO: 2024-06-30 03:31:18,211: Data
INFO: 2024-06-30 03:31:18,244: Data shape (110527, 14)
INFO: 2024-06-30 03:31:18,301: Percentage of women: 0.653882342398853
INFO: 2024-06-30 03:31:18,333: Percentage of men: 0.346117657601147
ERROR: 2024-06-30 03:31:18,369: Data shape is incorrect!
